584
058
814
563
852
371
380
626
393
293
966
862
426
896
920
335
408
663
332
269
403
310
886
114
734
791
406
238
483
585
764
946
678
216
615
256
464
795
860
990
718
533
287
979
519
506
114
793
294
230
003
081
300
008
258
464
008
471
348
824
087
508
624
411
004
026
343
110
225
217
298
352
418
938
124
605
448
066
323
886
292
087
127
345
520
252
991
778
632
368
190
069
850
465
962
400
748
172
647
779
322
491
333
327
188
421
258
007
265
174
100
418
791
312
512
319
303
516
885
128
868
134
607
538
913
189
857
681
808
239
803
760
278
103
643
730
426
932
766
777
700
091
165
758
805
484
779
912
909
705
526
024
160
356
676
242
246
201
410
629
903
509
556
428
919
670
045
744
630
008
248
844
200
443
846
952
043
011
530
592
042
163
385
216
685
483
185
006
369
977
477
370
762
744
647
238
132
015
407
114
746
342
701
954
394
273
169
910
890
381
285
683
112
152
201
046
445
509
934
759
170
782
467
441
784
982
520
235
524
877
802
533
641
563
555
464
581
308
283
905
083
500
580
542
760
189
751
593
871
211
160
492
292
402
877
932
552
081
654
501
514
386
873
429
410
126
844
753
029
695
067
526
455
925
704
067
542
196
823
902
829
332
686
680
760
504
048
153
541
073
754
210
227
657
385
361
890
405
371
031
153
094
502
354
765
448
172
582
066
813
967
008
661
547
707
546
084
469
688
016
889
753
144
540
951
190
934
328
623
999
965
985
239
335
413
979
620
626
413
814
728
323
601
084
501
000
532
339
599
469
576
130
173
537
723
385
510
537
476
442
636
384
949
009
627
679
270
351
897
751
221
953
322
447
180
652
101
712
131
300
584
712
088
453
021
004
624
673
501
013
554
996
575
291
962
977
060
716
762
608
769
724
558
384
315
573
679
421
175
549
298
698
653
221
231
735
080
425
173
156
381
371
436
634
762
841
112
279
755
859
046
239
204
771
883
970
457
153
685
494
122
828
027
908
085
412
807
396
066
542
766
798
183
207
837
376
859
678
839
224
576
516
087
967
984
955
651
869
564
926
308
218
434
826
640
478
377
963
182
191
540
521
340
382
203
850
670
419
134
493
131
875
278
836
610
955
297
326
681
844
714
447
855
200
536
106
487
053
690
713
059
722
232
102
847
258
033
355
057
918
623
392
100
424
891
895
794
934
918
180
378
612
092
387
400
681
815
725
663
784
220
472
734
059
700
372
778
206
557
301
311
692
780
463
517
455
289
336
590
043
474
997
329
647
373
330
271
270
138
402
776
993
099
971
389
766
536
134
485
066
911
775
635
344
015
981
438
693
258
135
394
029
164
759
244
767
025
727
292
412
684
321
753
948
489
323
111
554
714
362
109
370
879
785
502
370
494
099
335
865
409
936
615
499
366
101
886
301
323
863
426
561
885
293
817
067
154
997
226
345
554
508
546
925
123
363
906
853
834
194
869
036
475
516
505
834
718
062
050
728
003
681
809
749
487
217
652
655
490
374
484
545
227
836
202
796
452
163
982
149
714
511
605
451
609
458
482
299
982
159
924
271
560
356
693
117
886
636
386
255
379
954
770
364
801
300
605
867
251
727
423
292
055
594
554
815
155
726
225
136
590
300
025
548
549
678
360
866
934
939
314
516
207
773
306
445
659
912
937
214
454
646
066
293
795
085
695
365
888
915
921
010
972
337
878
652
956
884
054
891
460
106
289
197
842
751
817
499
947
448
576
934
510
510
195
002
617
666
583
524
074
843
314
130
509
126
722
926
442
036
867
611
917
761
613
766
267
675
910
421
247
266
432
560
781
387
510
084
627
092
142
700
555
983
375
565
025
894
263
743
560
337
559
172
909
756
197
221
827
093
566
275
710
500
998
630
798
713
922
893
698
664
031
538
694
960
188
074
499
478
549
979
558
425
288
348
164
202
095
506
945
173
300
223
494
765
127
259
735
992
131
406
982
401
942
108
438
147
351
616
446
910
503
280
691
079
191
994
246
050
118
017
464
299
180
697
905
913
384
882
401
632
660
208
608
935
636
141
202
272
702
087
804
983
688
400
677
560
275
216
045
616
937
878
101
010
540
128
503
061
133
444
964
701
633
562
670
368
698
343
552
809
436
955
688
082
177
509
061
732
329
970
352
412
522
368
844
762
601
034
623
587
205
708
635
916
787
906
718
906
107
113
226
469
486
571
736
197
957
620
191
303
454
460
277
318
951
844
166
299
917
968
366
630
682
695
142
808
122
726
759
010
558
454
894
370
537
259
113
266
450
511
106
583
328
648
764
218
365
958
151
496
298
529
585
206
459
287
524
696
618
186
984
478
219
256
895
458
981
070
274
107
559
957
304
221
613
438
609
027
033
820
495
175
515
027
956
750
629
483
860
425
258
122
978
438
511
326
052
414
698
784
844
439
432
122
506
978
554
301
727
610
668
110
073
798
032
510
102
952
458
199
720
527
263
196
363
324
397
844
852
507
970
865
739
561
177
458
142
620
872
617
764
415
286
076
577
007
155
111
405
071
358
231
381
610
491
661
445
182
771
452
924
196
837
289
835
537
362
020
949
876
434
688
531
019
991
636
141
469
178
375
757
533
092
506
203
419
937
317
036
205
532
130
903
746
454
581
658
678
747
904
330
871
951
175
027
616
926
173
214
837
872
665
582
610
496
817
615
524
140
732
082
757
223
287
090
046
690
146
036
566
184
565
481
245
523
218
528
268
657
898
794
822
762
503
716
420
864
424
686
156
456
978
482
303
639
079
250
150
652
322
997
483
910
583
207
575
626
834
415
068
496
414
590
752
013
052
447
341
405
615
403
069
621
743
716
732
567
406
043
422
713
810
450
606
456
205
845
161
696
305
394
301
370
335
074
800
412
202
857
172
695
954
358
836
399
534
968
437
141
309
250
842
856
010
571
889
610
382
257
234
409
172
165
491
514
297
859
218
110
263
457
558
699
457
952
312
459
276
547
092
302
618
529
222
713
348
084
645
651
731
228
516
305
009
633
150
937
194
864
085
872
256
223
167
764
090
302
325
953
796
886
164
683
162
118
395
965
096
550
386
016
167
500
958
923
429
315
639
848
750
518
474
098
466
643
046
027
179
396
399
943
050
732
545
205
282
371
812
738
236
119
332
244
875
709
218
617
913
076
692
814
989
914
483
924
574
131
467
577
566
947
443
188
840
594
655
306
069
191
508
847
442
428
302
115
703
152
382
989
074
124
525
546
439
621
002
555
996
561
053
262
356
466
610
248
801
666
897
147
173
304
975
188
770
960
725
579
803
750
801
708
188
517
040
411
112
822
421
328
066
091
868
473
660
664
386
899
989
112
556
385
320
357
177
323
855
510
781
967
143
563
830
871
099
668
977
200
662
266
422
608
666
716
739
465
165
252
460
541
874
793
102
737
415
849
497
049
376
844
945
429
023
436
415
094
634
691
936
997
467
895
997
099
807
804
074
891
782
666
088
193
849
754
732
591
226
882
150
471
726
595
345
443
902
725
204
011
916
915
782
424
691
748
336
965
863
124
904
647
996
470
330
354
426
762
900
054
330
065
100
214
358
732
172
818
925
970
806
009
187
953
038
579
504
122
632
636
514
514
272
149
805
632
764
974
900
139
904
467
826
494
806
816
208
899
948
224
311
156
190
664
289
564
438
170
097
735
815
055
948
456
059
438
923
957
192
855
754
143
407
811
595
656
609
175
253
435
120
530
117
716
758
414
170
884
376
509
533
233
420
870
931
835
824
573
892
067
634
238
739
015
817
913
325
002
598
498
147
095
496
008
960
875
344
930
388
333
063
643
063
254
338
537
699
934
555
800
624
804
593
219
939
938
401
985
049
622
048
316
499
628
492
091
894
306
627
474
246
503
605
519
823
036
190
284
284
120
988
944
446
975
127
218
673
395
615
640
020
971
615
000
996
141
484
883
759
963
960
732
261
924
812
080
110
583
817
507
532
451
391
527
639
147
187
787
017
884
988
383
332
510
378
083
410
197
262
603
754
103
336
029
206
462
739
602
060
636
799
308
973
807
920
000
872
258
005
292
045
100
272
865
192
824
187
793
066
119
640
197
192
964
023
289
340
326
711
779
737
908
079
321
933
178
552
429
365
458
917
683
037
149
458
443
193
355
869
395
211
931
739
954
127
499
907
496
637
183
510
115
718
972
317
010
813
262
336
149
763
531
931
480
352
173
368
808
598
043
143
551
008
541
297
815
106
313
653
715
030
215
854
458
639
769
557
359
494
178
711
509
963
502
203
741
593
395
032
845
790
410
962
224
617
070
028
927
424
882
942
003
307
865
294
641
785
925
322
970
030
543
688
235
117
685
090
445
957
613
590
566
971
051
589
506
598
956
526
758
723
899
300
557
850
026
923
838
305
076
683
670
599
338
198
923
002
401
866
517
688
722
257
827
186
891
065
977
941
502
665
485
191
827
749
398
339
685
257
822
939
722
406
737
436
393
319
549
718
797
073
749
771
995
085
505
633
460
570
033
970
520
964
261
495
680
442
055
870
729
731
691
966
436
208
442
188
237
991
883
082
630
819
471
494
832
030
493
349
069
309
701
713
224
817
634
975
621
560
696
256
356
980
698
144
823
870
595
914
594
166
113
841
164
053
710
442
838
421
268
705
062
652
894
651
544
641
954
868
168
936
108
700
400
738
579
135
473
231
378
127
728
742
644
056
167
458
962
303
252
572
206
719
730
996
290
777
429
265
259
900
103
618
070
635
804
018
567
647
288
414
960
054
666
174
580
608
415
663
053
803
959
013
231
066
343
022
949
396
373
912
193
173
034
548
425
074
588
491
822
470
051
433
392
844
326
584
463
497
485
446
335
959
285
221
462
722
659
205
972
959
219
463
644
072
664
365
803
474
586
617
425
960
611
831
527
365
053
528
236
236
589
882
636
917
834
175
803
522
856
196
760
505
903
172
468
989
660
044
511
536
751
170
064
232
842
001
501
012
504
169
467
862
556
346
004
843
218
503
554
716
023
255
704
397
625
753
887
880
409
832
334
574
057
962
009
005
560
486
045
005
256
119
470
324
304
023
602
208
127
370
892
682
495
139
123
377
527
513
788
207
125
404
407
078
998
315
755
209
944
193
260
506
367
170
980
273
940
517
971
991
231
978
761
699
750
780
241
877
455
526
802
427
315
217
522
384
299
097
051
590
959
989
385
819
384
286
375
931
175
590
155
766
710
053
948
674
875
299
587
318
908
941
483
968
914
599
806
110
081
675
049
692
912
007
441
477
844
019
436
236
078
180
455
800
410
289
476
306
456
815
668
970
760
131
317
976
993
823
564
148
321
582
641
203
517
473
591
166
490
089
299
885
083
166
726
547
460
035
766
572
886
390
051
274
435
045
421
229
644
990
360
893
176
190
377
265
435
207
770
281
839
839
494
086
701
696
567
205
110
221
939
997
343
704
641
742
009
725
606
206
691
580
089
837
665
656
901
606
437
692
625
173
382
915
071
260
340
860
023
169
681
717
234
453
165
296
705
192
485
787
759
562
926
447
535
486
641
533
007
909
943
146
703
669
424
676
818
615
819
934
776
203
830
324
297
528
700
255
272
225
851
224
907
332
729
610
305
597
917
317
933
708
171
055
353
584
877
850
198
871
446
188
106
999
223
146
271
943
558
666
841
632
932
499
809
114
460
701
215
799
498
675
850
568
774
921
673
544
919
176
836
576
518
665
277
927
412
734
260
321
818
692
128
164
557
138
172
606
044
911
944
893
339
829
693
772
372
426
649
327
037
181
425
010
061
416
396
068
790
582
188
905
685
438
582
348
639
446
783
228
637
131
548
825
966
199
000
101
629
581
594
808
837
488
907
839
424
237
048
775
975
039
166
736
258
661
124
402
147
239
691
660
199
391
260
181
633
780
429
349
059
468
686
361
505
998
278
604
781
963
326
866
934
932
625
764
789
793
415
620
137
353
407
514
374
611
311
088
406
380
856
308
085
215
532
243
944
498
204
124
155
094
690
956
678
148
439
515
254
319
593
415
016
162
283
437
370
404
545
590
897
797
109
019
982
904
998
946
629
887
433
014
237
660
225
692
544
586
160
810
974
377
958
391
715
482
492
571
540
334
398
635
416
619
670
222
909
056
307
432
411
350
626
046
985
341
517
895
261
089
048
411
616
138
447
101
030
101
639
640
043
627
000
696
306
550
857
037
145
965
777
497
003
671
287
866
642
376
701
736
517
753
334
450
852
229
011
086
344
581
437
352
713
425
829
795
098
032
636
634
579
535
373
186
643
053
614
415
073
974
805
077
475
123
305
599
324
757
734
316
028
526
888
987
195
840
981
039
625
108
734
480
315
407
316
448
509
900
391
822
963
901
052
127
833
713
865
904
009
216
219
309
579
317
413
085
537
089
951
755
906
972
961
669
198
484
368
132
771
906
802
577
902
553
059
798
768
680
303
388
494
396
662
391
544
955
661
046
157
593
101
609
200
482
079
474
404
705
950
385
286
961
428
090
439
735
978
802
251
014
741
025
810
245
648
960
234
511
333
522
372
393
438
197
711
938
255
391
484
538
595
279
506
399
284
672
189
215
128
864
845
183
752
828
571
148
628
390
072
671
367
703
933
180
559
567
959
259
135
171
194
106
598
275
746
241
572
080
183
378
429
761
634
492
748
253
932
176
676
085
842
507
314
863
006
099
375
230
877
456
903
721
673
676
942
578
421
155
738
132
322
212
974
822
887
706
422
932
757
976
329
267
257
545
791
483
714
523
472
465
674
570
626
839
665
653
098
772
958
602
951
584
158
463
662
899
416
024
966
933
114
145
148
229
501
795
208
279
536
212
696
737
764
356
789
017
214
447
342
508
448
736
215
001
679
436
682
060
290
911
825
657
630
195
934
427
065
036
385
111
858
184
253
761
894
417
788
482
235
111
922
174
984
541
767
276
893
655
709
768
312
041
674
633
634
867
573
743
906
110
471
874
108
340
155
163
969
977
561
454
678
251
368
294
852
171
309
547
448
027
885
962
042
377
703
185
511
513
053
499
547
730
500
696
529
996
454
954
345
566
197
714
122
070
233
418
006
311
598
441
639
179
160
489
151
552
285
639
239
138
863
343
244
360
412
038
142
285
557
494
240
940
731
444
133
160
696
521
815
345
050
536
534
716
252
146
482
034
181
055
216
375
841
926
778
991
864
887
199
143
263
224
228
970
282
688
945
099
604
005
004
053
927
689
313
979
361
063
192
468
362
059
470
597
864
929
788
448
782
897
870
755
260
949
554
507
809
548
342
390
997
510
004
121
077
090
987
832
052
136
745
951
389
122
804
315
443
334
320
935
293
111
386
624
001
800
396
497
491
632
165
156
139
630
759
443
766
713
839
312
583
055
621
860
372
601
906
342
254
770
256
771
384
954
089
765
851
477
411
354
896
477
225
145
292
305
706
606
038
446
897
172
219
267
154
196
868
532
736
173
851
739
810
439
219
759
763
556
781
145
465
380
187
777
396
241
782
363
123
952
442
338
952
436
919
712
270
952
853
416
561
747
659
598
212
799
297
646
276
125
864
713
001
705
008
246
262
895
443
476
091
988
806
662
191
758
933
256
831
290
700
303
725
419
188
550
556
426
084
945
649
018
285
405
971
236
607
006
083
518
545
254
459
563
638
111
812
204
313
853
291
088
393
195
297
548
455
462
585
288
427
299
950
017
207
429
301
089
489
451
033
756
872
387
603
027
781
447
024
345
057
019
471
704
200
565
199
881
686
967
652
325
175
615
712
096
813
164
815
673
848
316
672
066
768
460
551
378
176
493
429
571
669
844
431
947
415
983
820
075
210
191
907
268
620
375
310
195
199
043
062
906
920
663
200
026
469
944
246
856
155
661
518
637
739
178
132
740
878
184
420
295
884
027
802
566
329
282
731
948
122
267
191
239
136
763
120
993
770
019
900
781
862
949
703
165
387
762
754
792
484
746
665
176
556
009
874
984
900
356
814
722
540
703
820
414
590
120
488
890
675
709
879
059
896
574
443
650
895
108
930
373
782
531
536
976
908
505
389
836
421
736
631
322
718
013
073
249
880
970
519
301
658
912
290
436
122
689
897
669
001
389
803
180
743
894
043
208
771
653
292
312
642
834
514
997
031
304
120
433
117
847
987
047
561
489
432
290
201
506
339
734
780
208
655
881
590
535
873
607
685
956
413
016
472
245
745
930
669
259
494
970
894
228
946
515
538
048
476
970
435
978
424
628
915
545
322
137
056
057
791
297
831
915
639
260
931
131
809
368
781
329
396
233
591
446
314
754
078
340
390
363
736
295
725
977
853
936
825
312
605
114
712
079
386
260
935
868
742
538
309
710
140
185
017
328
196
778
356
552
142
311
261
851
627
734
018
584
772
617
514
502
552
777
987
881
706
885
941
001
157
282
150
704
605
201
792
011
158
739
619
537
175
058
783
033
181
786
105
362
632
185
788
635
543
805
489
258
465
676
452
639
409
648
733
739
167
194
704
911
296
785
566
818
091
510
090
400
142
316
093
518
125
610
344
430
350
752
896
152
982
806
751
184
692
978
332
373
895
747
541
802
188
793
423
636
435
140
821
866
653
227
388
502
506
075
780
580
066
815
878
725
964
627
431
434
242
196
191
640
220
153
898
522
873
857
775
739
586
724
181
334
205
192
894
441
850
448
882
964
604
854
182
490
848
638
097
687
602
998
678
092
206
752
352
090
089
619
524
093
602
478
096
107
927
056
358
142
537
529
741
409
391
475
224
883
930
487
361
691
609
071
292
917
450
202
443
690
511
427
398
070
878
503
570
718
248
540
412
473
111
835
471
804
248
446
182
642
575
399
837
113
146
891
186
203
587
054
600
663
827
182
984
712
257
862
526
320
689
958
410
602
577
061
565
470
946
844
489
102
320
829
716
187
831
416
005
801
812
507
724
709
332
538
850
005
300
167
317
294
509
533
506
190
466
291
665
071
570
398
904
821
308
938
271
616
551
128
100
300
367
453
809
118
787
953
206
683
821
878
699
887
694
942
449
231
073
161
526
373
581
843
142
381
236
674
479
986
632
973
030
452
998
639
707
979
091
368
462
074
593
476
570
896
898
808
392
162
525
475
448
291
718
749
560
324
383
121
735
134
423
479
965
289
178
101
822
908
360
718
777
684
998
938
057
325
291
044
198
617
687
951
103
385
896
192
266
356
820
976
040
790
974
334
739
489
332
223
845
047
033
105
911
872
089
696
519
203
838
649
913
529
998
859
866
814
681
252
292
247
939
613
219
543
038
476
332
532
548
266
215
659
204
623
823
098
824
801
654
217
745
615
735
949
207
701
838
995
674
040
441
000
191
263
365
860
998
175
750
732
867
508
858
233
516
628
214
235
270
143
919
007
708
281
346
716
343
459
924
311
123
945
309
622
215
086
829
407
036
705
384
149
071
363
852
621
176
365
808
681
574
129
795
439
610
276
062
161
792
255
587
749
794
370
236
080
031
377
752
307
099
369
321
355
467
444
431
266
130
736
346
585
420
539
870
887
192
869
721
555
061
909
171
480
644
276
224
097
572
378
523
261
396
727
303
194
512
409
721
349
586
148
716
882
294
786
993
247
010
712
831
866
181
039
488
666
937
733
464
281
020
037
164
967
333
139
230
570
747
565
280
613
308
783
663
823
433
716
757
312
966
407
225
631
985
271
279
649
509
981
744
468
949
899
103
886
755
998
303
454
989
731
371
857
059
369
363
730
715
993
819
795
060
140
956
485
612
601
546
873
470
587
770
652
239
043
777
296
766
334
863
707
648
379
996
309
424
801
437
571
090
604
028
172
185
549
824
570
331
732
095
353
791
234
622
282
627
324
270
687
743
492
761
134
627
260
355
038
183
327
523
893
365
541
397
798
750
408
622
761
137
753
824
062
268
680
409
011
205
375
750
516
870
809
833
177
564
953
081
892
478
260
349
272
487
168
531
048
375
818
568
758
521
369
886
363
404
416
705
773
773
459
662
631
717
274
105
589
957
708
062
944
149
077
264
021
298
766
609
201
721
463
139
960
101
657
568
445
583
451
547
729
348
951
573
601
643
829
495
825
975
625
481
568
999
489
871
908
528
059
965
444
154
510
039
366
657
228
180
586
873
565
060
983
998
423
830
229
577
507
354
416
049
636
038
294
165
585
539
613
545
594
223
467
588
168
900
439
571
012
446
482
294
309
498
763
323
188
765
118
501
370
452
546
064
822
580
061
966
568
369
845
550
986
230
786
447
514
556
379
902
201
482
238
664
876
560
710
704
581
336
345
316
470
623
740
245
370
511
330
544
876
936
873
408
938
997
163
554
872
685
900
083
485
175
882
538
099
603
854
199
937
343
145
948
564
133
489
615
997
183
296
249
883
992
098
594
983
442
017
587
530
995
295
514
967
299
845
157
854
965
401
023
740
371
323
669
817
749
268
892
786
570
841
356
031
833
492
672
236
128
638
786
624
138
214
723
929
717
681
460
677
149
386
662
187
527
177
219
757
056
873
935
517
360
081
987
327
187
660
067
319
640
049
308
788
964
197
915
453
845
040
156
562
588
077
963
143
720
177
096
221
578
662
569
654
222
915
356
030
455
665
644
237
134
926
515
739
832
135
043
705
218
145
128
019
524
416
850
214
328
132
258
662
203
838
933
194
886
974
318
535
489
448
832
844
524
455
911
079
669
284
771
970
459
841
888
348
702
644
201
322
721
565
414
956
635
033
616
965
929
321
729
456
667
859
188
154
367
793
308
341
991
140
517
788
750
310
365
415
775
302
367
691
793
522
956
330
529
241
675
753
276
689
508
824
677
522
391
489
880
379
559
841
224
231
545
265
086
116
289
892
208
962
829
810
336
565
279
549
889
579
344
622
988
843
090
999
826
208
459
333
091
929
132
480
486
297
105
716
968
463
311
232
168
948
716
214
310
505
310
155
286
807
672
702
000
359
291
899
062
608
771
682
651
334
473
824
185
477
005
472
019
499
559
974
642
361
748
620
393
934
084
458
188
764
110
765
284
236
308
181
867
843
022
619
399
588
697
103
819
541
229
188
702
029
019
417
006
641
761
050
371
900
642
530
128
052
735
500
886
368
982
819
736
532
849
112
464
934
635
583
563
433
064
247
458
146
625
905
191
357
873
686
267
740
073
575
338
797
614
298
759
101
509
777
374
598
853
132
886
304
095
084
768
895
776
073
734
622
284
978
188
120
937
297
705
783
490
266
166
289
297
202
107
355
609
507
102
705
545
598
074
161
382
420
694
008
918
357
690
356
782
333
132
091
648
326
562
002
040
376
859
981
584
474
374
598
111
082
265
137
093
347
362
301
963
662
362
773
766
560
697
725
254
784
051
517
616
868
783
811
841
717
182
843
303
797
201
846
620
376
778
074
329
024
259
657
278
416
124
964
515
881
227
051
752
275
200
901
084
946
768
409
348
511
930
641
461
897
598
749
174
237
753
074
584
309
116
139
342
698
962
568
894
911
043
990
181
024
892
502
310
116
744
618
358
208
682
000
484
942
751
315
178
736
742
468
031
257
232
803
896
187
797
897
119
867
830
238
840
076
233
585
447
476
694
806
068
022
849
081
684
148
242
724
726
181
939
477
201
701
988
908
905
604
143
949
721
012
954
804
574
396
658
880
244
164
710
782
571
706
921
850
897
449
875
940
389
712
715
130
434
107
410
615
275
973
191
347
045
696
747
232
855
417
776
817
616
398
204
089
647
144
609
376
146
422
982
805
635
787
823
223
991
854
368
060
973
549
224
951
118
915
901
322
267
489
074
736
521
024
123
578
296
135
555
159
914
902
819
503
550
625
667
561
063
298
702
166
632
247
662
872
336
382
241
770
765
419
009
795
963
795
146
380
554
600
265
738
298
991
779
211
154
561
913
954
964
834
323
222
500
278
913
932
039
860
570
530
634
903
761
374
952
962
517
289
630
969
127
617
062
610
982
316
236
351
720
229
435
129
827
775
070
470
860
783
091
969
116
890
508
789
102
511
814
586
834
629
088
942
592
597
508
154
931
382
717
563
362
012
611
836
617
296
375
614
958
138
628
128
852
857
514
980
147
548
437
501
880
454
535
441
316
659
882
496
448
305
783
358
557
148
180
580
085
993
853
022
000
320
129
880
463
489
030
582
170
290
004
042
757
486
711
082
018
069
546
331
323
268
418
600
797
489
823
965
665
726
541
248
094
618
266
616
428
408
469
319
225
157
043
879
125
128
436
946
538
707
136
483
610
059
461
818
921
225
571
356
411
047
874
842
516
287
106
818
130
093
630
017
780
561
596
843
664
036
071
126
764
669
104
507
117
911
549
405
553
929
320
041
835
551
945
528
776
681
363
950
054
370
188
693
613
188
993
287
287
971
690
111
905
050
885
681
132
988
376
402
854
726
064
146
507
592
769
338
285
046
095
549
677
545
331
264
860
883
157
079
756
020
169
209
386
782
759
349
218
520
427
119
991
792
629
286
503
177
910
103
030
607
708
110
315
855
600
313
398
577
462
410
100
992
918
433
859
736
639
526
439
112
587
924
054
152
733
324
438
140
315
639
438
219
042
601
295
000
255
996
393
795
110
278
800
659
675
904
070
313
013
039
405
295
982
789
780
500
365
475
355
292
860
177
278
252
333
213
916
736
365
578
925
580
866
359
447
493
369
247
470
650
664
047
925
965
626
448
572
967
723
325
529
685
871
904
003
076
687
553
650
266
714
721
930
263
663
422
266
099
979
348
283
879
146
483
622
367
761
472
799
141
505
699
879
985
290
987
658
791
308
275
781
942
477
701
868
289
346
060
594
294
323
507
653
957
782
779
872
133
036
188
166
724
196
380
891
371
098
326
715
914
081
424
004
441
081
467
634
115
751
771
620
868
044
853
497
041
162
443
544
793
157
711
391
389
589
678
159
509
755
986
620
627
764
660
855
061
728
765
938
724
529
654
349
548
159
965
093
330
901
957
019
083
873
534
678
408
694
011
234
477
811
220
377
681
747
967
245
469
550
156
085
142
618
522
019
218
067
640
609
847
449
188
628
125
417
154
309
046
069
635
242
798
858
510
267
148
152
821
386
772
952
595
422
211
230
940
626
405
342
960
712
344
579
593
880
856
313
610
824
988
087
738
712
587
507
447
329
784
631
115
346
206
925
055
112
700
009
032
157
830
173
271
683
078
708
223
424
404
903
703
977
033
147
676
494
061
330
619
437
657
969
093
845
427
903
638
219
222
431
041
384
930
085
645
954
383
132
653
409
440
926
699
466
147
184
101
958
534
498
768
104
672
472
862
296
562
755
996
264
182
665
055
351
480
401
631
968
075
876
390
113
399
917
356
079
593
663
929
349
953
650
563
067
513
440
202
218
348
044
218
074
400
460
972
965
182
903
914
239
007
762
767
941
997
538
245
769
194
295
317
358
864
764
045
554
347
436
864
953
291
695
318
285
368
047
541
202
339
924
691
479
243
110
054
116
301
139
659
106
724
065
436
775
649
713
553
049
968
195
198
547
213
218
109
717
667
318
354
512
725
918
768
242
832
479
584
525
977
181
391
224
818
927
762
716
524
274
190
449
808
571
846
140
677
768
970
171
149
892
839
697
554
690
239
404
796
796
224
295
772
801
151
155
850
114
064
327
713
393
496
404
093
361
857
502
558
155
590
303
409
267
555
335
686
492
513
873
395
821
180
119
082
970
306
213
117
904
182
993
303
211
965
652
437
832
670
151
617
144
965
955
467
488
138
153
111
548
816
169
743
293
535
951
448
776
581
354
715
890
894
198
221
823
777
436
154
509
712
390
946
129
651
019
668
169
859
983
450
037
309
669
218
034
145
353
974
638
546
677
253
879
465
000
698
843
499
604
739
604
041
887
085
343
876
246
819
371
487
471
067
130
765
610
736
611
305
834
006
578
776
592
534
770
091
529
779
996
819
896
857
507
380
112
770
523
576
028
454
807
979
522
971
978
815
180
688
507
059
086
424
505
230
448
562
438
027
534
636
400
797
145
849
112
291
705
265
649
757
191
370
597
040
014
191
942
452
762
940
221
260
363
282
857
869
371
164
859
219
479
179
061
838
755
766
948
194
492
198
864
337
120
713
841
916
141
158
243
435
971
264
775
781
357
964
979
415
360
758
827
102
577
856
743
118
919
877
787
205
420
076
695
375
879
724
581
389
570
903
192
664
798
483
657
273
765
230
228
367
504
381
344
844
333
345
226
911
736
815
026
363
039
195
265
534
414
248
576
661
285
623
914
652
679
105
483
675
755
196
639
819
820
865
576
918
647
904
060
481
546
996
134
102
949
753
956
031
949
632
317
452
297
754
972
966
319
191
237
459
867
765
961
921
963
370
408
081
079
357
437
288
936
260
442
661
854
904
830
361
351
915
232
534
267
660
870
634
493
195
495
920
851
746
123
894
883
397
798
076
215
408
222
631
115
902
668
897
351
406
080
339
286
944
433
062
442
659
929
171
915
358
741
615
430
137
288
177
710
923
672
766
261
102
299
848
528
893
861
019
186
887
830
009
221
279
734
973
843
958
448
185
278
551
040
379
380
186
811
367
269
956
676
252
902
768
132
650
722
720
724
365
104
925
303
566
714
922
778
779
236
447
698
044
237
289
973
556
139
733
121
547
188
245
521
140
875
620
454
013
540
876
600
305
888
349
918
844
388
380
788
036
157
050
684
267
136
127
761
858
484
484
949
526
562
670
391
375
412
800
859
869
110
371
429
071
948
670
999
952
816
873
757
913
141
426
301
485
716
694
521
178
627
223
057
360
038
970
706
245
904
825
257
732
577
978
485
711
416
243
225
636
817
131
120
380
758
932
956
495
240
267
794
618
089
877
732
285
113
586
138
261
539
553
998
609
964
819
910
441
661
375
347
579
274
346
524
666
444
174
389
300
876
267
384
852
100
670
331
864
294
903
801
406
937
488
053
333
545
234
209
645
648
961
433
632
535
122
939
047
307
041
352
333
212
753
169
334
667
399
723
636
144
866
371
882
274
342
619
645
879
869
135
909
052
909
364
389
666
312
374
147
510
138
356
073
649
396
369
850
289
904
592
379
980
525
681
952
594
620
842
696
877
624
031
567
857
869
183
661
317
095
325
736
076
105
396
880
926
034
468
322
478
966
200
397
182
098
743
398
578
490
031
932
102
612
070
024
127
856
688
651
333
226
465
409
255
826
287
369
597
002
990
567
439
296
362
501
550
082
232
599
368
049
529
818
620
889
313
735
003
973
957
466
994
323
619
060
707
030
496
959
559
877
882
190
296
364
455
097
213
341
789
271
394
864
253
012
640
486
239
482
070
282
142
208
580
725
922
309
146
327
306
724
025
443
748
817
265
726
474
826
880
623
242
796
114
925
798
211
635
899
942
764
509
651
694
697
759
628
332
238
799
435
497
298
557
917
889
018
645
286
027
218
119
086
840
079
163
294
304
083
858
249
980
219
951
536
763
964
803
179
255
109
972
930
751
503
739
641
615
212
297
819
427
458
897
865
693
777
475
274
426
346
813
543
313
167
108
196
576
780
131
592
805
493
213
634
457
481
720
630
580
664
465
330
676
376
735
662
746
086
300
351
474
056
448
160
317
432
368
078
350
729
373
570
532
443
015
418
629
444
462
460
844
965
303
071
327
462
404
406
901
251
708
787
815
229
219
695
352
675
617
182
233
256
558
292
050
969
511
023
450
607
446
409
164
517
386
201
847
217
668
528
615
686
978
132
158
690
155
938
798
180
521
448
159
104
660
066
870
933
228
121
683
165
575
953
997
177
272
689
818
761
235
738
881
069
404
850
573
130
163
025
036
411
613
988
409
518
960
412
761
716
315
371
033
696
409
687
779
965
584
159
147
850
050
860
935
908
409
923
992
508
692
906
609
529
514
177
497
368
140
558
078
031
624
599
666
513
024
794
102
809
022
177
640
609
130
768
987
936
263
132
157
318
905
358
064
435
768
735
634
901
476
585
139
268
194
921
062
792
142
490
488
139
457
649
402
044
099
456
724
682
288
906
603
301
157
034
736
703
862
194
368
207
818
644
369
315
512
105
256
679
659
840
411
662
456
880
355
621
000
000
306
545
681
022
821
919
676
670
268
273
525
819
354
902
285
006
997
077
770
130
249
892
135
071
675
421
116
177
194
091
945
250
034
127
534
222
757
593
244
652
492
712
830
239
335
079
033
943
878
093
137
493
460
231
217
686
401
807
946
705
005
450
846
590
471
461
888
859
263
223
519
606
750
036
683
147
109
205
445
021
525
533
565
640
943
352
708
424
028
662
279
279
966
372
081
274
283
564
962
410
583
908
473
788
301
192
267
395
686
843
902
814
914
879
592
776
954
950
520
079
721
555
753
070
433
343
103
004
239
938
897
427
834
090
488
312
986
038
729
235
526
626
192
908
052
668
836
753
968
093
792
484
138
372
816
036
496
059
629
199
636
982
905
437
391
960
068
748
